18
2 3
16 10
13 18
17 4
9 3
14 5
5 8
14 15
16 17
2 13
6 12
1 15
7 9
12 4
1 6
7 11
10 11
8 18
80
8 50
1 5
17 59
3 3
24 34
27 29
7 68
49 79
38 31
55 71
13 31
41 19
18 61
16 71
73 74
36 59
32 11
12 66
45 37
26 62
52 63
43 53
75 47
64 23
12 80
41 28
46 38
5 65
40 20
50 56
72 70
77 43
68 35
28 56
80 69
44 54
10 16
69 14
77 27
19 61
7 75
25 4
74 39
22 73
67 44
32 57
39 35
48 30
14 23
70 26
48 17
51 67
79 49
34 76
18 53
42 66
64 57
15 29
78 10
60 42
47 55
36 58
30 37
13 2
9 2
24 45
8 11
1 22
72 21
20 60
6 46
78 40
62 21
25 51
4 52
63 33
33 6
76 15
65 9
54 58
92
61 35
83 8
25 51
54 7
31 73
45 63
42 22
85 55
37 35
21 24
40 61
33 38
82 45
52 58
87 9
8 88
29 5
62 92
31 23
48 18
70 88
2 50
17 51
63 26
15 56
76 92
53 64
65 47
71 39
52 57
73 15
57 53
83 19
13 24
3 1
81 91
49 78
81 72
12 9
78 33
26 30
22 46
86 48
41 50
59 85
66 36
89 11
90 75
71 40
37 49
6 65
86 20
87 90
44 56
32 30
18 39
23 2
4 3
69 68
38 54
66 20
67 58
28 41
46 59
25 77
34 16
74 79
74 29
27 7
6 84
16 36
75 80
13 89
43 14
12 34
21 4
28 64
10 72
42 17
80 70
76 43
68 60
44 69
67 10
19 84
79 27
32 62
82 47
1 5
60 14
77 11
91 55
14
4 10
12 13
12 1
2 6
2 7
5 14
11 9
10 9
7 4
3 14
8 1
5 8
13 3
6 11
16
13 6
11 3
11 15
15 14
16 3
1 10
7 12
8 7
4 5
12 10
9 8
1 2
4 14
9 16
2 6
13 5
14
5 7
11 6
3 2
1 3
10 8
7 9
12 2
10 11
6 14
5 12
13 4
9 13
14 4
1 8
78
35 7
65 56
59 15
40 74
50 65
68 14
71 29
16 51
52 2
49 22
35 60
57 43
49 54
20 21
58 69
1 52
17 61
56 70
13 74
62 44
75 19
68 4
48 38
26 41
67 61
57 25
78 37
5 42
9 50
32 31
18 17
55 5
28 12
47 12
62 27
39 60
11 44
21 66
6 48
11 40
24 22
66 36
76 18
8 34
24 28
30 3
46 72
13 37
23 45
53 9
63 38
10 54
6 10
51 1
19 4
20 14
42 15
58 29
27 70
7 47
77 55
71 43
76 25
33 72
8 16
36 64
67 30
2 78
63 73
41 33
59 31
26 39
53 73
32 3
46 69
45 23
64 77
34 75
12
8 10
8 4
7 3
11 2
12 9
2 5
9 3
1 4
7 5
1 12
11 6
10 6
17
14 4
7 17
16 11
12 13
6 7
1 1
13 10
14 9
11 12
8 4
6 10
5 16
9 5
2 3
8 2
15 3
17 15
15
6 10
3 7
13 10
8 9
2 6
12 1
15 9
5 14
11 5
3 12
14 1
8 4
4 11
2 15
7 13
14
11 4
14 10
7 12
6 13
14 13
4 5
9 11
3 10
2 8
1 2
1 7
8 12
3 9
5 6
16
3 10
3 7
1 6
2 2
15 16
13 14
11 4
8 7
13 16
12 4
1 5
9 15
12 11
8 14
5 6
9 10
14
12 13
4 11
10 3
14 8
11 9
1 5
2 9
14 1
6 5
2 6
8 10
12 7
4 3
13 7
14
10 11
3 13
2 1
12 3
7 2
7 5
4 11
4 14
6 12
13 8
1 9
10 8
6 5
9 14
19
11 8
8 16
7 5
6 15
4 12
9 13
3 14
16 19
6 5
11 18
15 17
18 13
14 7
9 4
1 10
10 2
3 12
1 17
2 19
12
9 9
3 3
1 1
12 12
6 6
4 4
7 7
8 8
11 11
5 5
2 2
10 10
20
10 9
17 20
6 17
15 7
5 18
13 19
4 12
6 12
15 16
3 2
1 11
4 8
3 14
10 14
8 9
11 13
18 5
20 1
2 19
7 16
14
3 9
13 11
4 6
4 3
1 7
1 12
8 13
10 8
6 2
14 2
11 10
5 5
12 7
9 14
10
4 1
2 10
8 9
6 10
1 7
4 8
6 3
2 3
5 7
5 9
16
1 7
11 14
10 12
13 15
13 1
3 9
8 11
16 2
6 4
15 5
4 2
8 14
3 7
6 9
12 5
16 10
17
13 1
11 3
6 14
9 12
16 7
13 8
7 10
5 9
1 4
10 12
17 6
16 11
2 3
4 2
15 14
15 5
17 8
13
11 12
3 8
9 7
4 11
1 5
13 12
1 10
4 9
2 8
7 6
6 13
10 2
5 3
12
3 11
5 6
7 1
2 4
12 8
10 3
2 6
11 10
4 7
5 1
8 12
9 9
17
5 6
16 11
13 17
8 4
2 15
15 12
2 7
10 6
14 5
14 8
13 3
17 3
9 16
10 9
1 4
11 12
1 7
15
9 4
8 2
15 8
6 7
3 14
14 4
2 3
13 11
5 12
13 6
7 1
12 1
11 10
9 15
10 5
19
17 18
4 17
11 14
1 18
10 1
19 7
6 14
2 9
12 16
5 8
4 3
15 15
8 12
6 13
19 5
7 10
2 9
3 16
11 13
18
8 14
16 1
4 3
5 9
15 6
3 18
4 11
10 1
12 13
6 17
14 5
13 10
11 15
7 2
7 18
8 16
12 17
2 9
18
13 15
12 4
4 13
6 2
5 10
16 9
8 11
14 10
12 18
14 16
18 17
2 6
15 1
7 17
3 8
1 9
5 11
7 3
14
2 1
3 10
10 13
14 13
4 11
6 5
8 9
12 1
4 11
5 9
2 3
14 12
7 8
6 7
14
8 6
8 1
3 2
5 13
7 12
4 7
2 10
9 1
6 14
13 12
14 11
9 11
5 10
3 4
19
12 12
5 11
6 19
14 1
16 4
16 11
1 19
15 5
17 7
2 9
18 13
10 14
15 8
6 3
10 2
4 7
8 17
18 9
3 13
20
7 16
13 10
17 3
20 19
18 7
15 2
13 6
8 19
6 10
9 11
14 11
12 18
16 5
12 20
1 4
2 15
14 17
9 1
5 3
4 8
19
7 11
17 15
10 3
8 9
1 4
8 15
1 12
13 14
13 5
9 14
6 3
19 10
16 12
5 18
7 11
19 2
2 4
18 16
6 17
19
19 15
8 13
3 15
18 6
2 14
4 12
7 11
11 6
12 9
1 7
5 8
19 16
13 14
18 16
17 5
17 10
3 9
4 10
2 1
1000
361 322
21 976
449 333
986 275
750 605
306 925
695 2
412 342
781 601
589 274
116 952
908 665
734 421
922 675
487 494
328 466
66 775
282 676
785 912
173 112
534 121
835 396
89 880
104 981
329 525
908 640
555 500
700 316
689 429
595 149
998 889
538 544
923 155
924 249
971 951
814 434
993 497
32 610
376 256
649 635
134 581
687 511
520 500
990 518
145 167
212 794
654 640
370 522
842 833
855 813
394 675
858 506
936 161
336 711
501 918
248 368
335 946
611 398
136 738
4 878
648 499
991 183
576 670
112 829
132 770
312 184
84 913
831 841
548 988
720 562
742 564
318 508
987 536
914 61
479 71
685 87
432 326
939 715
226 996
984 699
233 28
306 760
882 9
292 38
652 751
979 270
196 860
245 546
637 464
471 627
227 612
789 649
420 873
981 471
460 631
339 862
363 314
110 828
351 861
856 69
458 262
103 588
534 629
367 895
605 915
650 632
345 657
729 791
60 356
594 322
230 285
26 64
215 365
886 467
59 433
418 527
549 225
56 788
417 456
200 583
19 627
268 75
897 370
667 13
185 437
561 210
549 386
923 545
82 7
424 514
353 703
448 690
744 157
178 792
838 579
170 258
936 932
654 337
761 108
539 6
740 473
174 731
167 732
210 192
838 816
128 347
485 371
815 620
255 803
489 346
182 617
701 148
969 628
90 690
142 404
168 944
502 305
332 446
394 623
51 643
334 753
575 662
386 595
708 348
836 320
704 909
766 599
354 269
985 478
310 383
345 570
655 970
721 572
954 344
260 155
477 942
392 995
982 186
13 252
190 974
118 368
157 158
24 200
922 41
364 714
459 474
733 661
863 410
965 99
293 696
133 100
254 809
851 331
663 350
507 1000
303 260
968 915
180 965
575 830
622 727
188 187
985 249
290 948
540 753
45 122
180 820
946 959
419 68
712 646
402 527
199 628
60 503
17 52
243 385
445 664
455 77
929 404
244 547
736 777
686 489
49 454
211 2
793 88
755 877
645 778
51 746
656 938
914 293
426 949
139 746
812 786
992 708
845 486
203 206
397 299
935 271
415 135
195 557
504 160
130 165
832 802
204 859
72 263
289 360
355 966
629 441
580 35
171 492
442 361
110 57
53 117
734 784
993 251
568 823
495 951
146 126
138 884
879 36
31 900
521 608
589 332
220 619
796 693
699 871
245 10
302 977
149 341
892 194
400 860
242 543
844 290
818 976
409 681
904 577
980 578
897 980
801 238
184 937
850 274
531 246
186 116
680 276
814 815
737 903
128 407
196 398
710 898
705 848
663 508
498 809
930 789
551 644
723 146
662 194
68 255
762 677
754 168
83 208
899 673
172 868
472 147
552 823
5 301
378 447
123 141
874 868
570 198
124 783
69 468
896 602
853 854
1 470
967 843
178 233
826 375
992 984
926 223
794 706
447 905
658 556
830 954
385 653
79 960
510 997
729 18
46 550
203 141
609 416
379 292
102 947
639 24
224 805
488 786
891 213
27 666
476 114
174 894
564 461
630 880
741 867
551 437
596 456
641 963
445 945
283 950
252 565
313 931
468 237
767 917
546 259
821 425
859 327
919 450
261 707
743 577
548 666
964 994
215 418
182 308
140 643
702 280
80 482
994 289
770 956
271 15
771 642
295 911
281 661
579 214
883 119
544 9
101 296
899 764
32 598
309 119
768 867
373 535
104 414
197 227
39 413
655 601
85 593
236 411
29 235
751 223
956 457
83 834
42 592
279 70
743 762
940 383
866 798
691 808
997 665
887 740
209 717
395 745
910 615
604 505
623 598
75 829
190 656
109 179
609 885
858 440
457 902
990 893
763 586
101 593
863 1000
430 530
559 732
948 685
106 496
258 388
164 125
139 957
162 12
940 682
129 78
714 731
43 541
172 287
145 879
70 295
784 659
465 228
620 250
493 781
389 422
207 514
338 660
891 583
455 526
377 999
630 519
484 480
552 509
177 941
20 805
657 996
555 539
810 812
97 733
161 516
939 343
442 21
669 942
291 453
652 553
257 624
284 903
232 282
298 861
313 349
632 748
347 659
525 153
382 134
54 399
672 144
839 683
338 697
737 310
742 972
432 505
772 328
147 592
28 916
105 270
481 842
238 706
483 11
606 87
177 574
958 928
584 240
870 966
831 183
876 875
811 606
889 779
960 817
646 513
323 979
131 490
44 768
105 311
567 547
39 937
98 277
892 668
796 755
804 898
460 975
608 817
216 833
435 865
938 758
615 739
439 482
93 515
974 403
488 639
408 748
261 308
705 730
524 153
855 94
481 870
55 272
127 599
492 358
384 888
719 56
443 634
953 745
717 428
187 219
74 247
576 421
97 181
96 296
587 37
125 277
916 86
790 160
563 137
594 22
839 578
912 395
694 672
910 253
478 832
679 944
882 307
207 288
521 874
502 873
475 130
241 67
491 16
441 73
691 163
852 294
955 65
642 846
698 869
202 619
773 336
837 199
279 519
197 648
188 448
459 113
57 114
684 287
625 59
280 37
584 667
173 726
333 597
17 702
901 231
865 538
151 55
384 841
718 785
103 91
334 342
242 824
176 949
453 847
389 603
321 501
298 412
254 218
107 807
268 92
895 487
224 61
881 15
580 536
18 40
795 957
3 76
779 843
723 291
135 284
800 46
724 626
211 297
381 35
807 872
357 929
963 377
337 169
359 573
71 439
443 491
523 529
76 191
26 265
297 941
913 244
795 518
246 680
802 864
240 862
738 343
765 256
189 229
757 517
444 413
774 645
474 840
681 967
563 660
886 85
689 635
919 816
650 451
935 50
380 151
607 192
766 934
703 711
852 878
449 444
716 651
324 756
857 107
932 567
921 983
376 48
509 560
811 371
556 120
4 560
995 803
638 793
561 686
677 23
234 698
638 674
497 972
827 524
782 763
111 440
909 590
319 725
633 175
713 641
540 844
430 121
65 77
44 668
901 722
780 204
78 822
821 776
14 530
741 971
388 876
568 405
226 352
769 495
99 169
644 962
818 720
5 228
917 991
835 231
66 405
496 597
590 875
185 6
550 998
81 537
462 159
626 424
205 317
272 493
864 713
8 31
658 235
43 435
344 364
239 945
156 372
316 625
462 569
450 222
239 512
382 390
375 58
752 477
933 767
218 596
401 351
438 633
612 669
158 621
92 400
558 787
871 637
622 472
678 759
302 458
600 765
304 512
715 11
707 709
129 212
507 671
152 410
52 851
67 558
483 613
928 222
747 515
191 553
801 62
34 693
307 267
93 532
454 988
533 417
331 81
888 761
33 920
86 319
557 339
120 263
181 528
825 220
688 346
582 825
683 676
718 905
788 921
423 834
752 510
498 679
148 885
300 436
466 88
436 425
697 137
402 744
792 236
827 701
241 504
503 100
423 467
600 7
695 747
438 469
10 407
968 532
276 431
758 887
106 283
890 464
262 782
783 95
198 611
973 511
89 63
419 409
837 760
566 999
330 983
356 429
362 369
947 756
399 961
201 962
688 422
769 602
40 16
473 315
80 977
367 810
710 664
189 63
164 201
230 543
374 311
34 819
559 970
896 428
709 565
392 581
585 206
736 72
294 614
12 247
845 94
533 694
452 806
340 286
463 618
813 278
360 117
243 610
36 653
154 906
541 772
804 476
926 616
961 166
721 195
824 822
363 554
273 350
848 305
469 335
987 749
312 163
797 401
387 671
774 8
820 221
528 943
475 264
95 213
378 499
958 359
366 391
132 573
480 323
299 484
74 728
390 317
275 927
64 585
234 920
554 159
651 393
969 23
513 14
943 171
735 739
978 340
326 607
267 526
624 479
54 219
952 517
369 303
790 730
20 872
144 647
348 278
41 50
930 566
582 327
193 591
253 90
48 108
719 927
47 315
907 616
700 636
379 349
771 604
352 265
420 647
248 434
982 670
19 49
682 53
142 819
113 933
856 329
109 849
955 372
849 777
325 140
696 414
494 433
176 461
150 229
427 857
82 571
193 836
84 304
27 115
217 354
881 853
490 22
724 209
79 890
387 29
102 684
266 704
950 924
175 866
30 237
403 726
535 165
759 840
391 325
25 406
725 692
735 411
776 728
716 934
221 357
537 571
925 397
542 692
300 883
986 757
975 427
259 126
225 516
143 124
791 269
415 764
485 797
98 179
205 674
465 154
900 365
118 62
131 754
506 1
96 152
673 150
750 722
931 374
617 850
156 806
381 266
780 687
634 353
355 133
989 799
143 486
529 826
30 301
58 232
904 636
91 314
545 678
452 918
25 3
749 591
799 846
431 166
217 393
426 587
341 214
416 586
778 320
202 366
321 463
621 451
569 712
216 127
122 380
588 286
281 906
631 800
264 847
285 318
208 446
618 902
877 288
773 603
522 250
42 562
542 911
138 953
470 73
727 775
973 406
45 358
162 373
884 257
989 978
362 574
170 964
520 894
893 408
136 396
854 33
111 324
828 959
330 115
273 869
614 531
523 309
572 251
47 808
613 798
907 123
787 38
17
8 6
5 4
3 1
9 7
2 16
15 4
7 17
1 15
8 3
6 13
11 14
10 12
10 13
17 9
14 16
12 11
5 2
18
16 14
18 5
1 4
12 11
3 14
18 15
13 9
8 8
11 7
1 2
7 17
16 12
17 5
9 3
6 10
4 15
6 13
2 10
12
7 12
10 9
1 3
4 7
8 11
3 9
2 5
8 4
2 10
6 11
6 12
1 5
13
2 5
5 8
9 1
13 12
4 3
10 1
3 6
12 10
11 13
8 9
4 7
11 6
2 7
5
1 2
3 5
4 3
1 4
5 2
18
6 14
10 13
12 5
18 17
1 9
14 12
1 16
11 2
13 11
15 7
4 8
6 7
5 16
17 9
18 3
2 15
3 4
8 10
3
1 1
2 2
3 3
13
3 6
5 11
6 4
8 8
2 10
12 13
7 5
10 3
11 1
1 12
13 2
9 4
7 9
11
7 8
8 11
3 6
3 6
2 4
9 11
2 9
10 5
10 5
4 1
1 7
3
1 1
2 3
3 2
18
15 16
4 6
16 10
7 1
8 12
14 17
14 5
5 1
4 9
15 10
3 6
3 18
2 17
18 11
2 9
11 7
13 13
12 8
20
16 5
1 8
17 4
19 16
6 10
10 13
19 14
4 2
12 5
20 9
9 20
12 7
7 18
3 13
8 11
2 3
14 18
1 15
17 15
6 11
1000
1 1000
1000 999
999 998
998 997
997 996
996 995
995 994
994 993
993 992
992 991
991 990
990 989
989 988
988 987
987 986
986 985
985 984
984 983
983 982
982 981
981 980
980 979
979 978
978 977
977 976
976 975
975 974
974 973
973 972
972 971
971 970
970 969
969 968
968 967
967 966
966 965
965 964
964 963
963 962
962 961
961 960
960 959
959 958
958 957
957 956
956 955
955 954
954 953
953 952
952 951
951 950
950 949
949 948
948 947
947 946
946 945
945 944
944 943
943 942
942 941
941 940
940 939
939 938
938 937
937 936
936 935
935 934
934 933
933 932
932 931
931 930
930 929
929 928
928 927
927 926
926 925
925 924
924 923
923 922
922 921
921 920
920 919
919 918
918 917
917 916
916 915
915 914
914 913
913 912
912 911
911 910
910 909
909 908
908 907
907 906
906 905
905 904
904 903
903 902
902 901
901 900
900 899
899 898
898 897
897 896
896 895
895 894
894 893
893 892
892 891
891 890
890 889
889 888
888 887
887 886
886 885
885 884
884 883
883 882
882 881
881 880
880 879
879 878
878 877
877 876
876 875
875 874
874 873
873 872
872 871
871 870
870 869
869 868
868 867
867 866
866 865
865 864
864 863
863 862
862 861
861 860
860 859
859 858
858 857
857 856
856 855
855 854
854 853
853 852
852 851
851 850
850 849
849 848
848 847
847 846
846 845
845 844
844 843
843 842
842 841
841 840
840 839
839 838
838 837
837 836
836 835
835 834
834 833
833 832
832 831
831 830
830 829
829 828
828 827
827 826
826 825
825 824
824 823
823 822
822 821
821 820
820 819
819 818
818 817
817 816
816 815
815 814
814 813
813 812
812 811
811 810
810 809
809 808
808 807
807 806
806 805
805 804
804 803
803 802
802 801
801 800
800 799
799 798
798 797
797 796
796 795
795 794
794 793
793 792
792 791
791 790
790 789
789 788
788 787
787 786
786 785
785 784
784 783
783 782
782 781
781 780
780 779
779 778
778 777
777 776
776 775
775 774
774 773
773 772
772 771
771 770
770 769
769 768
768 767
767 766
766 765
765 764
764 763
763 762
762 761
761 760
760 759
759 758
758 757
757 756
756 755
755 754
754 753
753 752
752 751
751 750
750 749
749 748
748 747
747 746
746 745
745 744
744 743
743 742
742 741
741 740
740 739
739 738
738 737
737 736
736 735
735 734
734 733
733 732
732 731
731 730
730 729
729 728
728 727
727 726
726 725
725 724
724 723
723 722
722 721
721 720
720 719
719 718
718 717
717 716
716 715
715 714
714 713
713 712
712 711
711 710
710 709
709 708
708 707
707 706
706 705
705 704
704 703
703 702
702 701
701 700
700 699
699 698
698 697
697 696
696 695
695 694
694 693
693 692
692 691
691 690
690 689
689 688
688 687
687 686
686 685
685 684
684 683
683 682
682 681
681 680
680 679
679 678
678 677
677 676
676 675
675 674
674 673
673 672
672 671
671 670
670 669
669 668
668 667
667 666
666 665
665 664
664 663
663 662
662 661
661 660
660 659
659 658
658 657
657 656
656 655
655 654
654 653
653 652
652 651
651 650
650 649
649 648
648 647
647 646
646 645
645 644
644 643
643 642
642 641
641 640
640 639
639 638
638 637
637 636
636 635
635 634
634 633
633 632
632 631
631 630
630 629
629 628
628 627
627 626
626 625
625 624
624 623
623 622
622 621
621 620
620 619
619 618
618 617
617 616
616 615
615 614
614 613
613 612
612 611
611 610
610 609
609 608
608 607
607 606
606 605
605 604
604 603
603 602
602 601
601 600
600 599
599 598
598 597
597 596
596 595
595 594
594 593
593 592
592 591
591 590
590 589
589 588
588 587
587 586
586 585
585 584
584 583
583 582
582 581
581 580
580 579
579 578
578 577
577 576
576 575
575 574
574 573
573 572
572 571
571 570
570 569
569 568
568 567
567 566
566 565
565 564
564 563
563 562
562 561
561 560
560 559
559 558
558 557
557 556
556 555
555 554
554 553
553 552
552 551
551 550
550 549
549 548
548 547
547 546
546 545
545 544
544 543
543 542
542 541
541 540
540 539
539 538
538 537
537 536
536 535
535 534
534 533
533 532
532 531
531 530
530 529
529 528
528 527
527 526
526 525
525 524
524 523
523 522
522 521
521 520
520 519
519 518
518 517
517 516
516 515
515 514
514 513
513 512
512 511
511 510
510 509
509 508
508 507
507 506
506 505
505 504
504 503
503 502
502 501
501 500
500 499
499 498
498 497
497 496
496 495
495 494
494 493
493 492
492 491
491 490
490 489
489 488
488 487
487 486
486 485
485 484
484 483
483 482
482 481
481 480
480 479
479 478
478 477
477 476
476 475
475 474
474 473
473 472
472 471
471 470
470 469
469 468
468 467
467 466
466 465
465 464
464 463
463 462
462 461
461 460
460 459
459 458
458 457
457 456
456 455
455 454
454 453
453 452
452 451
451 450
450 449
449 448
448 447
447 446
446 445
445 444
444 443
443 442
442 441
441 440
440 439
439 438
438 437
437 436
436 435
435 434
434 433
433 432
432 431
431 430
430 429
429 428
428 427
427 426
426 425
425 424
424 423
423 422
422 421
421 420
420 419
419 418
418 417
417 416
416 415
415 414
414 413
413 412
412 411
411 410
410 409
409 408
408 407
407 406
406 405
405 404
404 403
403 402
402 401
401 400
400 399
399 398
398 397
397 396
396 395
395 394
394 393
393 392
392 391
391 390
390 389
389 388
388 387
387 386
386 385
385 384
384 383
383 382
382 381
381 380
380 379
379 378
378 377
377 376
376 375
375 374
374 373
373 372
372 371
371 370
370 369
369 368
368 367
367 366
366 365
365 364
364 363
363 362
362 361
361 360
360 359
359 358
358 357
357 356
356 355
355 354
354 353
353 352
352 351
351 350
350 349
349 348
348 347
347 346
346 345
345 344
344 343
343 342
342 341
341 340
340 339
339 338
338 337
337 336
336 335
335 334
334 333
333 332
332 331
331 330
330 329
329 328
328 327
327 326
326 325
325 324
324 323
323 322
322 321
321 320
320 319
319 318
318 317
317 316
316 315
315 314
314 313
313 312
312 311
311 310
310 309
309 308
308 307
307 306
306 305
305 304
304 303
303 302
302 301
301 300
300 299
299 298
298 297
297 296
296 295
295 294
294 293
293 292
292 291
291 290
290 289
289 288
288 287
287 286
286 285
285 284
284 283
283 282
282 281
281 280
280 279
279 278
278 277
277 276
276 275
275 274
274 273
273 272
272 271
271 270
270 269
269 268
268 267
267 266
266 265
265 264
264 263
263 262
262 261
261 260
260 259
259 258
258 257
257 256
256 255
255 254
254 253
253 252
252 251
251 250
250 249
249 248
248 247
247 246
246 245
245 244
244 243
243 242
242 241
241 240
240 239
239 238
238 237
237 236
236 235
235 234
234 233
233 232
232 231
231 230
230 229
229 228
228 227
227 226
226 225
225 224
224 223
223 222
222 221
221 220
220 219
219 218
218 217
217 216
216 215
215 214
214 213
213 212
212 211
211 210
210 209
209 208
208 207
207 206
206 205
205 204
204 203
203 202
202 201
201 200
200 199
199 198
198 197
197 196
196 195
195 194
194 193
193 192
192 191
191 190
190 189
189 188
188 187
187 186
186 185
185 184
184 183
183 182
182 181
181 180
180 179
179 178
178 177
177 176
176 175
175 174
174 173
173 172
172 171
171 170
170 169
169 168
168 167
167 166
166 165
165 164
164 163
163 162
162 161
161 160
160 159
159 158
158 157
157 156
156 155
155 154
154 153
153 152
152 151
151 150
150 149
149 148
148 147
147 146
146 145
145 144
144 143
143 142
142 141
141 140
140 139
139 138
138 137
137 136
136 135
135 134
134 133
133 132
132 131
131 130
130 129
129 128
128 127
127 126
126 125
125 124
124 123
123 122
122 121
121 120
120 119
119 118
118 117
117 116
116 115
115 114
114 113
113 112
112 111
111 110
110 109
109 108
108 107
107 106
106 105
105 104
104 103
103 102
102 101
101 100
100 99
99 98
98 97
97 96
96 95
95 94
94 93
93 92
92 91
91 90
90 89
89 88
88 87
87 86
86 85
85 84
84 83
83 82
82 81
81 80
80 79
79 78
78 77
77 76
76 75
75 74
74 73
73 72
72 71
71 70
70 69
69 68
68 67
67 66
66 65
65 64
64 63
63 62
62 61
61 60
60 59
59 58
58 57
57 56
56 55
55 54
54 53
53 52
52 51
51 50
50 49
49 48
48 47
47 46
46 45
45 44
44 43
43 42
42 41
41 40
40 39
39 38
38 37
37 36
36 35
35 34
34 33
33 32
32 31
31 30
30 29
29 28
28 27
27 26
26 25
25 24
24 23
23 22
22 21
21 20
20 19
19 18
18 17
17 16
16 15
15 14
14 13
13 12
12 11
11 10
10 9
9 8
8 7
7 6
6 5
5 4
4 3
3 2
2 1
11
9 7
11 2
8 4
6 4
11 10
2 10
7 5
1 3
5 3
1 9
8 6
11
7 4
2 5
6 7
4 8
6 5
2 10
11 3
10 9
8 1
11 1
3 9
17
3 5
10 15
5 11
17 4
6 2
10 8
13 7
12 9
12 15
16 6
14 1
4 13
14 16
7 3
9 11
17 8
1 2
15
7 2
7 11
1 5
2 3
12 11
4 8
3 5
6 15
15 12
9 1
13 4
9 6
14 10
8 10
14 13
15
9 3
9 4
2 13
3 13
14 15
1 12
14 5
12 10
15 10
5 1
7 2
8 11
8 6
6 7
11 4
5
1 5
5 4
4 3
3 2
2 1
109
26 79
53 10
87 40
35 27
69 47
52 45
75 74
13 72
91 90
45 11
65 92
56 109
49 55
12 38
80 8
96 62
78 44
65 42
96 55
41 81
73 12
89 63
46 29
48 32
22 54
13 19
27 109
68 28
23 3
38 31
70 76
105 15
67 99
101 79
105 100
52 77
56 80
60 81
18 10
84 9
100 101
64 71
106 11
63 44
17 92
95 94
102 66
97 25
82 36
87 86
5 86
30 59
7 69
20 31
42 107
30 7
47 24
85 32
33 40
6 59
108 15
71 85
108 93
6 57
21 1
9 76
103 43
68 107
83 34
19 106
103 58
99 74
8 26
98 73
95 62
50 61
102 89
90 5
41 49
54 53
61 72
46 16
88 48
66 25
35 28
33 104
2 77
64 43
24 17
29 16
21 1
91 60
51 22
50 70
78 67
83 34
57 3
84 36
14 23
104 97
4 82
58 75
37 20
51 93
39 98
39 18
4 37
94 14
88 2
132
132 126
34 4
57 67
130 8
26 107
26 129
91 33
83 15
52 117
71 44
98 83
95 38
56 66
77 85
65 82
87 9
48 66
4 103
125 76
34 98
106 14
68 43
113 106
112 1
111 74
122 37
23 11
84 38
3 45
59 90
115 105
96 114
61 79
77 76
36 70
120 13
10 32
122 104
128 109
124 25
28 35
64 115
108 81
96 121
91 14
92 71
62 101
132 69
22 5
53 95
130 18
93 82
117 113
52 27
8 46
40 5
30 37
94 89
58 75
49 104
64 32
89 97
12 49
123 30
127 93
129 23
1 44
12 35
58 81
28 56
127 55
123 19
92 62
10 119
80 120
42 50
33 27
73 99
17 100
51 68
78 43
97 47
22 116
63 118
111 7
6 51
63 103
9 118
80 53
79 50
90 72
65 47
78 7
29 17
72 3
54 24
125 46
39 121
60 59
85 11
84 131
41 36
94 67
126 15
31 25
116 20
54 21
29 88
6 99
112 124
2 105
31 87
42 88
20 21
60 110
45 70
108 19
75 131
74 114
86 102
107 101
24 55
2 40
110 128
61 57
16 13
102 39
100 18
69 48
41 119
109 86
16 73
11
5 8
1 2
3 6
11 11
2 4
3 10
9 1
9 4
7 7
8 10
5 6
19
6 15
11 17
18 1
14 16
17 13
19 18
2 15
2 5
4 16
9 5
8 4
11 12
10 14
1 10
7 12
3 9
19 6
8 3
7 13
141
54 88
76 77
117 26
40 106
119 38
37 115
71 65
4 47
8 65
67 108
6 113
64 73
96 1
58 66
30 56
74 102
105 34
60 138
27 55
106 70
76 61
55 46
16 104
16 22
63 87
85 23
11 131
127 115
2 90
81 118
62 125
132 7
140 120
31 125
6 82
18 59
51 13
37 69
120 74
141 98
92 29
20 102
98 35
78 139
122 107
113 128
57 10
94 12
109 43
41 21
33 75
29 110
17 54
130 17
57 31
110 135
23 95
36 97
42 7
121 104
15 27
92 5
48 111
91 9
56 22
81 131
1 101
129 42
116 112
71 133
96 91
36 122
68 62
35 89
80 3
80 34
38 83
32 39
50 20
97 139
72 28
105 63
5 107
99 93
49 79
25 50
70 134
58 14
101 116
48 53
52 9
126 24
46 11
135 99
84 86
51 141
95 44
59 44
121 127
94 87
4 73
130 28
138 100
60 114
61 32
43 85
140 100
118 67
52 39
41 109
66 86
93 89
137 64
119 68
49 8
77 82
78 136
79 13
124 114
45 136
26 117
47 19
3 21
90 2
132 108
133 24
137 126
25 30
88 83
40 69
128 103
124 15
134 123
75 129
103 72
84 10
33 12
53 19
14 18
45 111
123 112
15
13 8
10 14
8 1
2 3
13 11
15 1
12 14
2 9
6 7
7 3
5 10
11 6
12 4
15 4
9 5
16
3 16
13 14
6 9
13 15
14 10
10 7
12 1
7 8
15 1
8 2
11 16
4 11
9 5
12 4
3 2
5 6
143
61 23
89 28
61 7
33 38
70 59
125 54
129 73
104 138
55 123
36 140
100 52
88 132
11 40
51 91
140 52
117 82
25 120
79 81
76 119
2 16
98 109
125 13
43 100
22 47
17 141
130 121
15 76
93 40
24 114
25 133
73 118
60 110
36 112
47 112
127 90
9 142
75 94
43 57
35 1
30 39
82 5
85 108
49 111
69 121
90 3
115 97
1 46
104 72
8 136
105 92
9 21
94 119
133 4
85 137
42 131
37 67
13 141
78 95
11 37
74 15
99 14
27 49
60 68
64 39
44 32
88 84
123 53
122 63
19 114
106 63
29 17
135 135
113 45
130 126
136 139
24 101
62 58
134 56
10 107
137 12
29 42
12 87
72 126
44 19
92 34
87 65
66 139
142 128
28 108
20 8
93 41
5 41
91 18
116 33
26 38
84 31
6 26
81 80
48 96
110 14
56 55
34 71
122 70
78 74
46 96
57 2
124 4
129 143
10 99
111 106
48 71
103 31
138 68
66 128
3 102
79 115
120 20
62 95
21 105
7 51
65 86
22 83
134 116
143 23
32 35
131 50
18 113
117 69
107 89
86 54
6 102
75 118
98 58
124 103
67 80
97 27
16 50
127 64
77 53
101 77
132 45
109 30
59 83
13
8 4
6 9
5 13
7 2
1 10
2 13
7 9
3 8
4 12
5 11
12 11
1 6
3 10
11
3 5
10 1
8 11
9 7
7 3
5 8
2 6
9 6
4 1
2 4
10 11
12
12 2
7 3
6 11
6 11
7 10
5 2
8 9
10 1
3 4
8 12
4 1
9 5
15
10 4
13 6
12 6
2 11
10 5
15 9
5 3
8 7
2 14
11 13
9 8
12 7
1 15
1 14
4 3
12
1 12
12 11
11 10
10 9
9 8
8 7
7 6
6 5
5 4
4 3
3 2
2 1
106
51 52
63 4
18 24
26 85
96 51
53 60
31 22
41 28
39 54
63 75
80 61
84 40
56 76
10 82
1 43
62 52
86 2
71 13
92 103
104 20
97 2
93 73
27 78
67 61
18 43
68 70
6 65
95 72
85 103
93 42
79 28
73 49
106 69
68 6
21 62
15 77
98 98
74 78
76 87
19 56
74 12
5 70
33 45
21 100
25 84
94 106
16 37
71 34
66 9
90 96
20 23
19 102
8 46
55 105
37 11
9 86
91 60
55 57
40 38
89 82
92 14
59 90
57 7
94 29
95 54
25 53
41 35
79 101
47 39
88 17
87 47
15 23
64 83
105 14
44 100
13 77
35 30
4 104
10 99
101 89
81 88
36 91
24 72
3 34
80 99
32 102
30 50
7 67
69 33
46 27
1 22
48 42
58 83
32 97
75 5
12 17
48 36
26 58
66 3
64 31
11 45
65 16
44 59
50 38
49 8
29 81
14
4 4
14 3
2 10
8 13
13 11
11 14
2 3
7 6
1 6
8 12
10 5
1 9
7 5
9 12
50
11 41
42 50
16 49
20 6
44 34
9 24
21 26
31 30
43 5
36 35
16 9
37 27
4 17
29 26
19 23
1 18
39 44
30 3
34 45
41 25
8 40
39 4
6 20
2 23
40 33
24 45
22 42
3 47
32 35
10 32
25 21
46 28
31 43
10 7
8 15
11 19
48 2
47 46
48 14
50 29
38 13
38 36
27 17
33 12
28 12
37 5
22 18
14 15
1 49
7 13
13
3 9
5 12
10 11
6 7
12 7
13 1
1 8
4 2
5 6
9 4
8 3
10 11
2 13
17
16 4
9 14
10 2
1 13
2 1
12 9
13 12
8 7
16 17
5 5
11 15
14 15
4 6
7 6
8 3
3 10
11 17
12
1 12
2 1
3 2
4 3
5 4
6 5
7 6
8 7
9 8
10 9
11 10
12 11
14
3 11
10 13
8 1
12 5
1 12
5 11
4 7
6 13
10 2
4 8
2 14
14 3
7 9
6 9
18
5 17
6 17
7 12
1 15
2 6
4 3
11 3
12 13
15 8
16 4
11 14
7 13
18 1
9 10
2 9
10 18
16 14
5 8
3
1 3
2 1
3 2
11
2 11
10 4
8 3
6 2
4 7
1 9
5 6
1 8
11 3
10 9
5 7
17
9 15
2 10
15 4
7 3
14 11
8 5
5 8
12 4
13 13
14 17
11 16
12 6
10 17
6 7
9 1
16 1
3 2
11
6 2
11 7
10 11
2 8
9 4
4 1
5 8
1 10
6 7
3 5
9 3
19
9 8
19 12
10 3
16 3
18 2
14 18
4 1
14 16
5 6
11 9
7 1
7 8
5 12
17 4
17 19
2 6
15 13
11 10
15 13
11
1 11
9 3
6 7
5 9
10 6
5 11
1 8
8 7
4 2
2 4
10 3
17
12 3
15 8
7 10
14 8
9 1
17 9
10 6
11 2
12 16
5 11
2 1
13 4
4 14
16 13
3 15
7 6
17 5
15
12 14
5 14
13 7
6 2
8 1
11 4
1 13
2 9
10 6
15 11
4 3
12 10
9 3
5 8
15 7
15
8 7
4 12
5 7
12 3
11 11
10 15
15 5
3 6
1 9
9 2
13 6
14 8
10 13
2 14
1 4
14
1 12
5 6
14 3
7 10
4 2
14 4
9 12
8 13
3 11
10 9
5 8
13 1
11 2
7 6
146
23 132
14 73
3 44
24 92
22 142
104 122
52 119
80 27
4 116
89 67
48 68
93 144
43 101
89 84
65 95
64 131
46 91
90 32
33 43
55 94
2 70
143 8
3 57
113 25
87 18
27 40
135 12
26 100
17 81
9 16
50 33
97 109
103 37
13 39
104 15
123 118
102 108
53 142
121 146
96 111
88 79
44 144
134 7
41 19
139 126
131 114
59 133
49 140
60 130
69 2
129 126
29 63
91 64
51 62
87 86
106 133
72 52
47 141
136 14
74 82
20 115
10 26
124 20
15 127
28 60
21 124
58 7
5 138
127 139
6 75
50 51
41 56
120 9
71 24
119 96
109 17
54 100
23 34
141 59
130 54
21 75
111 34
19 58
107 53
108 68
62 80
85 121
88 1
61 11
39 55
140 85
99 110
94 30
114 123
45 28
90 98
82 134
102 138
49 83
78 31
37 40
32 66
4 57
25 56
81 63
47 145
38 115
42 137
107 120
86 42
61 31
135 118
129 116
113 92
48 76
13 117
29 36
122 67
72 74
10 18
73 110
125 95
99 35
45 78
6 71
79 98
38 145
132 76
5 12
11 30
84 136
146 36
106 128
93 1
97 69
143 137
16 77
65 35
125 112
101 46
66 112
105 117
8 77
70 128
105 83
22 103
18
6 8
2 10
15 7
1 12
5 4
5 7
8 2
9 9
14 10
6 12
15 1
11 14
3 11
17 16
18 3
17 4
18 16
13 13
17
11 3
6 3
9 7
5 15
17 10
9 7
6 13
2 13
10 8
16 12
2 4
11 12
15 14
1 5
4 1
8 14
16 17
15
9 11
3 1
8 8
15 2
2 10
12 13
6 15
6 1
12 14
3 13
10 14
5 7
9 4
11 7
5 4
10
6 3
4 7
9 8
8 5
5 2
9 4
10 2
6 1
10 7
1 3
16
14 4
12 11
15 11
7 4
2 7
9 10
3 5
8 16
13 10
6 2
5 8
15 14
3 9
12 1
16 6
1 13
15
12 7
3 15
4 1
12 6
5 14
1 9
8 13
10 10
5 14
8 7
13 3
11 9
2 4
15 6
11 2
12
7 1
6 4
7 9
10 12
6 8
11 12
9 10
1 2
5 8
4 5
11 3
2 3
10
7 9
7 1
10 1
6 2
5 2
4 8
4 9
10 3
6 3
5 8
15
14 10
1 7
11 10
4 6
13 12
1 2
15 3
8 2
13 8
7 12
4 9
11 6
15 9
14 5
5 3
17
6 13
10 9
11 8
6 17
12 7
2 16
5 9
15 7
5 14
17 11
2 13
12 10
16 1
3 4
3 14
1 15
8 4
18
3 2
10 15
13 4
12 1
16 11
17 9
3 12
7 4
2 17
8 14
14 10
5 8
18 18
16 6
6 15
13 5
11 9
7 1
5
1 2
3 5
4 3
5 4
1 2
12
11 8
1 4
5 10
11 6
2 3
1 8
3 12
7 9
12 7
4 6
2 5
9 10
16
4 10
12 2
15 2
15 8
1 13
14 7
12 1
16 5
10 5
6 9
4 11
11 6
8 13
16 7
3 14
9 3
11
9 6
1 3
5 10
7 2
3 4
11 8
7 8
6 9
10 11
2 4
5 1
15
7 3
10 3
1 4
6 13
14 5
15 4
14 11
8 1
2 10
7 2
6 12
13 9
15 11
5 9
8 12
19
2 15
16 13
4 4
3 6
8 7
9 19
8 19
15 7
14 12
2 11
18 17
12 11
10 1
5 3
18 10
1 16
9 6
14 13
17 5
20
6 10
19 15
17 2
18 6
9 14
5 17
14 3
3 11
20 9
16 11
4 4
12 8
1 18
5 12
20 7
13 7
8 2
16 19
13 10
1 15
16
11 12
14 10
14 5
6 13
4 7
2 8
16 13
9 7
3 10
6 12
9 5
3 8
11 15
16 2
1 4
1 15
15
7 4
11 7
6 6
8 14
13 11
5 1
3 10
8 12
9 15
9 2
14 5
12 2
1 13
4 10
3 15
17
5 11
9 6
5 15
16 13
12 10
8 2
7 17
4 7
12 6
3 8
11 9
3 17
10 16
1 15
14 2
14 1
4 13
12
1 5
10 6
8 7
6 5
3 9
10 11
1 9
3 12
7 2
12 11
8 2
4 4
20
11 7
12 8
4 6
13 4
5 17
10 13
3 2
16 5
18 18
3 10
2 1
19 15
12 20
8 6
16 15
19 7
1 20
9 11
9 14
14 17
14
4 10
8 1
11 13
12 14
6 12
7 3
13 9
3 4
9 14
7 6
8 5
2 11
2 10
1 5
15
11 11
3 12
5 13
5 8
2 14
9 6
9 6
10 13
15 7
12 1
2 1
14 4
3 4
15 8
7 10
13
8 9
9 13
1 3
11 2
13 1
11 8
12 7
12 5
5 10
2 4
7 6
4 10
6 3
17
2 6
5 13
2 9
3 13
17 8
15 3
7 12
1 9
15 1
5 10
17 6
12 7
11 4
14 10
14 11
8 4
16 16
19
12 8
1 10
7 17
5 1
12 8
2 9
4 13
13 6
16 5
2 9
19 17
3 19
6 11
16 7
18 14
3 14
15 11
15 10
18 4
11
4 3
7 3
9 6
10 2
7 1
11 2
8 6
5 10
1 11
5 9
4 8
19
13 9
6 16
4 5
4 8
17 14
19 17
12 1
1 11
7 19
2 15
18 3
15 9
10 5
11 8
13 3
7 12
14 6
16 18
10 2
12
9 10
3 11
4 6
2 8
6 10
5 12
7 9
12 1
4 11
1 7
3 5
2 8
18
13 14
11 14
12 7
16 13
10 1
17 2
6 4
18 5
6 11
15 3
4 3
18 7
17 5
15 8
2 12
8 9
9 16
1 10
11
2 8
5 9
10 2
8 9
11 4
6 5
10 11
4 3
7 1
7 1
6 3
11
9 7
5 4
10 1
4 2
11 2
1 6
6 7
5 8
3 8
9 10
11 3
19
3 2
15 11
5 18
6 1
9 13
7 19
12 10
14 17
13 19
5 3
16 9
4 8
4 11
6 16
8 10
15 12
2 14
1 17
7 18
0
