 25
531 56 814 163 296 764 95 796 456 714 733 492 128 584 803 417 807 177 686 659 197 308 554 278 288
12
837 208 518 821 175 574 234 725 305 485 291 888
15
148 243 584 640 13 896 246 277 577 441 633 512 322 227 540
19
370 186 304 124 182 107 43 206 21 124 147 237 313 42 356 110 301 185 168
10
747 720 51 587 394 618 293 8 344 774
28
177 207 140 138 114 78 126 129 127 122 75 9 82 87 72 1 59 23 133 189 5 139 5 121 73 111 52 62
5
50 138 46 68 46
11
161 503 23 537 273 465 232 561 645 205 293
22
397 25 406 29 284 461 458 530 113 569 167 598 538 175 29 407 374 235 433 620 394 618
14
748 405 272 239 427 441 229 770 625 128 381 75 411 559
5
10 14 27 7 10
10
72 107 163 192 85 12 109 80 101 76
27
148 166 145 39 175 128 179 2 180 49 207 208 141 112 81 162 47 16 2 94 138 133 155 101 190 97 202
6
80 179 105 151 97 68
10
127 6 24 82 56 81 57 151 164 83
5
508 184 574 663 31
16
124 25 72 152 68 32 119 150 64 73 150 11 183 138 28 131
13
6 124 102 52 34 15 77 33 32 1 57 89 104
14
79 174 63 124 110 292 331 354 161 230 65 60 162 17
18
13 728 53 351 108 132 545 86 688 60 339 111 26 565 295 290 244 399
11
507 255 384 108 261 476 171 65 367 477 355
8
293 23 226 387 45 105 530 359
10
451 12 64 132 150 139 500 618 659 313
26
473 346 943 965 382 413 73 562 302 645 918 356 224 254 607 641 944 321 47 737 611 840 941 724 951 591
4
24 272 38 167
18
455 355 332 341 349 106 691 446 484 185 316 395 555 145 460 657 737 112
29
14 71 21 157 110 46 106 91 77 95 124 46 5 90 75 70 100 133 79 146 95 99 9 151 76 4 12 40 102
24
592 26 569 311 14 654 25 219 569 620 20 516 279 609 315 618 133 240 467 601 167 726 11 663
0
