19
38 375 309 424 107 448 356 449 214 389 84 357 439 23 163 450 352 37 58
22
399 219 177 381 410 24 93 333 385 717 414 280 158 179 161 197 630 650 491 159 603 462
8
134 55 99 135 117 168 145 67
24
428 535 461 348 152 582 261 258 467 203 148 627 461 573 652 349 479 474 410 627 488 601 101 44
3
174 257 14
11
17 5 7 8 15 24 28 24 18 22 20
7
603 773 619 189 419 803 470
8
347 42 724 455 136 193 341 579
22
52 67 33 63 31 54 57 58 9 77 11 6 11 56 26 60 4 2 59 99 85 80
25
71 88 75 91 18 25 32 60 24 20 55 46 42 82 25 83 42 65 83 61 18 56 39 84 45
3
394 241 128
17
422 138 440 285 330 595 62 297 12 158 417 86 223 385 503 264 343
8
72 702 699 198 210 546 505 356
17
212 538 517 210 109 550 531 6 559 465 201 481 320 181 207 72 86
8
36 572 371 602 182 639 686 47
22
103 61 101 82 48 91 35 8 63 100 70 60 50 114 100 106 10 15 67 25 99 23
7
307 109 345 45 66 166 30
20
264 274 77 125 263 103 116 113 32 290 331 375 167 399 160 183 67 120 125 112
3
581 118 468
6
236 243 193 4 177 34
14
2 1 2 2 2 1 2 1 1 2 1 2 2 1
7
514 300 26 741 648 397 653
23
89 209 16 82 63 3 161 12 198 59 79 44 144 275 127 275 203 208 108 9 16 157 119
0
