13
158 410 116 14 426 229 419 362 259 146 168 144 179
13
356 32 162 802 841 137 370 830 363 299 1 862 642
2
1 554
18
610 565 273 856 838 456 804 413 255 412 490 544 666 565 825 13 632 122
12
263 297 450 245 324 132 442 300 410 458 304 285
25
226 305 517 121 487 194 157 413 514 567 178 444 415 269 537 61 535 89 147 182 104 163 290 513 50
10
30 77 460 206 417 161 30 16 646 528
3
215 304 554
30
271 317 227 267 166 3 275 199 230 154 250 10 313 122 194 153 299 184 202 157 249 95 305 314 254 286 224 319 206 363
18
646 25 754 143 227 452 621 636 359 618 575 783 531 537 808 689 70 573
2
151 671
23
129 169 117 192 58 166 75 15 46 101 221 228 64 101 63 35 90 174 101 60 186 160 4
14
557 483 566 643 186 162 131 542 218 246 295 139 285 213
18
765 436 875 703 264 264 7 278 389 394 337 676 358 629 229 33 284 495
2
106 78
20
51 55 64 32 65 64 24 23 69 50 13 1 21 49 10 35 58 18 17 9
24
172 162 271 22 142 244 183 226 81 84 158 273 247 177 100 43 198 99 101 166 181 109 236 82
2
69 133
2
253 118
10
174 108 46 139 187 18 98 158 79 157
25
233 587 499 839 59 594 224 415 345 75 233 548 757 91 880 907 579 459 100 178 714 562 865 820 463
7
229 220 188 116 67 52 127
15
228 557 242 85 488 270 116 328 253 59 359 379 478 230 212
4
739 713 520 11
11
130 363 220 489 249 525 600 339 507 468 133
2
563 405
4
61 343 266 167
12
141 11 51 119 76 26 95 22 91 82 108 40
0
